13470411
13470418
13470396
13470365
13470334
13470382
13470431
13470385
13470372
13470357
13470340
13470329
13470366
13470320
13470313
13470312
13470303
13470269
13470135
13470128
13470159
13470165
13470123
13470116
13470092
13470088
13470077
13470058
13467970
20101490
13467813
13468249
13468264
13467688
13468286
13468319
13467415
13468402
13468405
13468384
13467234
13466980
13467043
13468472
13468507
13467049
13467190
13467238
13467137
13468614
13467246
13467357
13467416
13467538
13468642
30072563
30072566
30072560
13467558
13467622
13969711
13467629
13468683
30089843
13468974
13469464
13469306
13469178
13469134
13469029
13468907
13468824
13469555
13469502
13468579
30108223
13470526
13470532
30099144
30060531
13452584
13452207
30001127
13452701
13452271
30007043
13449579
13449332
13449253
13449235
30095426
13449156
30107605
30007061
13451649
30020928
13449259
13449043
30006934
30020848
13448604
30006900
13447836
30059255
13458935
13459812
13459728
13449643
13449444
13453545
30001160
13453618
13453104
13458771
13458506
30092463
13457990
13457805
13460318
13460656
13460270
13460118
13461199
13461321
13461478
13460793
13460990
13461502
13460882
13460953
13461002
13461027
13461077
13461735
13461104
13461289
13461184
13461842
13460658
13460679
13460603
13460744
13460052
13459870
13459769
30008656
30090545
30009143
13456671
13456430
13456080
13455693
13456680
13456811
13455893
13454716
30058081
13455276
13457036
13454608
13452030
13452272
13451928
13451882
13451751
13451600
13451465
13451318
13451204
13451442
13450687
30093416
30007990
13449356
13449200
13449422
13449578
30056861
13449921
13449755
13450211
13450451
13450564
13452748
13452527
13451676
13451590
30078905
13452094
30078908
13453463
13453305
13453512
13453608
13453212
13453195
13453668
13453775
13453070
13453048
13453819
13452913
13452950
13452664
13454460
13454446
13454324
13453949
13454095
13454289
13454033
13453757
13452598
13454129
20364203
13453392
20042724
13454543
13454610
13453262
13453165
13451844
13451555
13452910
13452778
13452493
13452294
13454191
13454212
13454172
13454182
13454151
13454108
13454100
13454004
13454042
13453954
13454068
13453863
13453897
13454843
13454801
13454948
13454748
13454704
13455017
13454853
13455295
13455323
13448360
13448480
13448264
13448154
13448237
13448129
13447927
13447666
13448551
13449687
13449597
13449775
13449488
13449369
13449262
13449152
13449046
13449896
13448936
13448819
30096463
13450438
13450329
20045828
20041308
13451051
13451176
13451576
13449939
13450006
13449848
13449754
13449693
13449659
13450083
13451177
13451033
13452536
13452652
13452528
13452812
13452723
13453384
13453294
13453454
13453965
13453476
13453811
13453187
20041010
20040961
13453010
13453492
13452968
13452393
13454244
13454103
13453864
13467356
13467211
13467618
13467723
13467459
13467332
13467583
30063350
13467828
13467938
13467914
13468150
13467812
13467192
13468046
13468159
30062057
13468431
13466804
13466582
30061782
14017415
13466473
13466305
13466501
30042321
13466046
13466101
13466106
14041670
13465944
13465931
13455613
30101648
13455307
13454972
30089125
13455471
13455889
13455790
30101702
13455607
13455752
13455890
13456039
13456109
13456401
13456148
13456177
13456476
13456697
13456723
13456803
13456935
13456953
13457225
30098916
13457187
13457310
30098919
13457077
13457197
13457318
13454351
20042744
13454457
13454553
13454515
13454424
13454896
13455020
13454874
13454343
13454320
13454217
13454099
13454002
13453948
13453896
13453812
13453759
13453505
13453355
13452219
13452342
13453224
13453103
13453081
13452948
13452855
13452831
13452065
13466089
13466114
30017768
13466445
13466745
13467176
13467224
13467060
13466992
13466916
13466782
13467326
13467338
13467273
13467363
13467378
13467322
13465743
13467539
13467549
13467494
13467561
13467876
13467917
13467699
13468071
13468173
13468281
13467734
30009198
13468227
13468317
13468049
13467759
13468331
13467804
20044323
20044335
13468670
30030601
13468706
13468757
20044424
13467402
13467424
13469416
13469426
13469401
13469432
13469444
13469456
13469462
13469473
13469300
13469288
13469481
13469484
13469415
13469439
13469409
13469496
13469334
13469375
13469329
30005753
13467295
30081323
30005853
30005843
13469231
13470606
13470590
13470652
13470573
13470544
13470492
13470740
30079684
13470738
13470462
13470311
13470287
13470263
13470178
14015403
13462333
14015402
14015441
13462474
14015401
13462697
30059948
14015528
13461740
14015358
13461379
14068826
14064681
14072026
14068845
14072164
13461213
13461111
13461672
13461286
13462481
13462403
13462550
13462534
14068853
13461051
14072158
13460993
13462128
13461703
13462356
13461102
14069045
13460935
14015767
14063594
13460575
14072117
20042489
13460782
13459983
30098252
13459519
13459506
13460916
14662406
20089603
13460761
13460775
13460601
13460450
13460413
13460008
13460062
13460290
30073759
30060047
30060044
13462566
13462999
13461567
13461548
13461915
13461590
20039086
13461543
13468260
13468279
13468235
13468261
30102078
13466617
13468330
13468337
13468310
13467084
13468375
13467069
13466952
13466451
13466569
13468333
30108705
14017791
13468540
30099735
30099738
13468648
13468596
14016993
13468197
14017216
13467581
20061776
14017770
13469002
13469132
13469241
30091538
13469077
13469359
13469309
13469399
13469448
13469497
13469177
13469563
13469613
13469605
13469643
13469592
13469263
13469579
13469612
13469651
13469548
13469532
13469562
13469521
13469513
13469475
20048478
30062847
13453095
13453050
13452382
13452623
13451916
30020308
30063894
30001034
13451550
14605394
13451109
13450972
13450334
30090087
13446224
13446434
13446499
13446265
13446030
13447168
13445830
13445596
13445784
13445160
13445213
13445053
13444911
30000655
30000676
13444732
13444778
30000649
13445557
30111169
13452605
13452673
13452336
13452883
13453046
13452814
13453073
13451755
13451616
13452167
13452297
13451090
13451117
13451714
13451430
13451410
13451128
13450935
13450966
13450865
13450995
13453414
13453228
13453748
13456162
13455921
13458296
13457497
13458388
13457315
30076787
13458487
13454795
13459145
13458644
20040284
13454677
13459176
30098602
13454582
13454465
13454366
13459472
13459226
13459596
13459688
13459729
13459819
13454243
13454133
13454022
13460127
13459895
13460262
30076796
13453675
13453407
13453279
13453291
13453105
13453065
13461370
13461371
13461226
30078717
13461386
13461389
13461427
13462641
13462654
13462615
13462505
13462570
13462675
13462722
13462766
13461433
13461481
13461458
13461439
13462856
13462897
13462941
30059636
13461571
13461501
30058129
13463032
13462994
13463066
13463107
13463118
13463146
13461635
13461650
20035843
13461453
13463216
13463152
13461875
13461797
13462071
13462177
13463288
13462426
13463328
13462544
13463339
13461030
13461109
13461887
13462039
13461733
13461155
13461223
13461235
13461327
13462399
13458249
13458309
13458201
13458087
13458106
13458029
13458647
13458689
13458596
13458721
13458118
13458142
13458777
13458179
13458210
13458820
13458240
13458965
13458260
20042304
13458274
13458305
20042360
13458787
13458851
13458996
13459405
30000273
13458669
13458414
13458795
13459112
13458949
13459151
13458964
13459186
13458111
30111677
13458051
13457565
13457241
13456896
13456930
30001783
30076487
30001777
30070857
13458016
13457887
30106005
13457739
20041830
13457815
13456758
13456705
13457210
14016700
13456915
13456808
13456791
13456666
13456553
13458831
13458768
13458932
13459121
13456508
13459168
13459299
13456625
13456790
13459326
13459458
13459640
14016759
13442005
30064504
13463956
13464004
13463522
14023813
13463405
13463661
13463801
30003557
13463625
13463245
13463378
13463166
13464054
30036276
13462891
13463031
13462773
13463447
13463309
13462651
13462518
13462392
13462272
13461977
13461968
13463190
13463084
13463001
13462877
13462857
13462704
13462191
13462166
13462620
13462512
13462057
13462150
13460839
13460878
13460750
13461070
13461234
13460996
13460919
13461335
13461149
30040424
13461899
13461264
20098088
13462292
13462138
13461510
14036122
30001919
13446348
30001860
13447855
30001863
13446631
30000254
13446189
13446798
13443990
13444486
20120953
13444456
13444552
30058884
13444592
30058887
13444613
20052391
13444638
13444265
13444284
20051656
13443757
30093969
13444174
20052438
14024462
14024461
13464078
14024460
14024410
13464813
13464709
13464814
13464207
13464644
30055886
30055883
13464070
20058418
13468217
13468464
13468062
13468574
13468657
30054189
13468637
13467754
13468594
13468586
13466981
13466988
13466822
13466803
13466792
13467510
13467431
13467599
13467336
14015866
13467680
13466732
30093858
13466719
30042275
13466466
13466395
13466285
30042272
13466225
14660468
30019840
13447525
13446424
13447382
13447425
13447202
13448879
13448436
13448052
30033447
30001837
13444738
14020605
13464807
13464775
30104669
14024529
13464678
13448502
13466780
13466814
13466774
13466579
20036346
13466637
13445271
30098249
13460717
13459649
13459710
13459608
13461412
13461319
14015449
13461503
13459890
13459915
13459878
13449811
13449405
13450349
13448955
20051555
13442271
13442142
13442393
13442396
13446734
30038050
13441944
13441968
13441994
30002382
13442023
13468487
13468451
30059373
30105630
20120839
30005366
13446565
13446381
13446335
30005213
13446925
13446791
30044052
13447164
13447154
13445232
30005182
30005185
30031097
13446394
13446449
13446148
13446100
13446673
13446562
13445359
30071207
30005799
13447188
13447057
13446930
13447323
13447435
13452818
13452939
13452668
13452550
13452414
13453066
13452257
13453274
13453168
13453401
13452059
13452004
13454202
13453843
13453738
13453655
13453523
13451925
13452899
13452586
13453395
13452245
13451589
13453455
13467502
13467258
13467580
14018980
13466835
13466849
20079799
14018973
13467368
30000682
30053311
30053308
13443033
30085819
30044214
30044195
30000573
30000582
13442607
30044192
20052502
13442616
13442938
13445665
13445649
13445883
13466827
13466119
13465996
13465957
13465919
30021782
13465864
30033294
30029405
30029399
30021752
13466307
13465646
30033283
13465413
13466078
13466003
13466148
13465928
30003240
14037395
14037515
13465409
13465443
13465314
13464355
30003572
13464279
13464043
30057484
13463916
13463943
13464378
14019764
14066408
13464595
14024084
14023936
30095423
13448751
13457893
13458143
13457615
13456984
13457566
13456297
13456126
13456455
13456099
13455993
13455940
13455826
13455884
13455590
13455345
13455259
13455055
13454749
13454707
13454636
13454594
13454273
20258381
13454128
30012665
30085410
13454430
14042270
13466641
13466603
14017978
13466494
14018942
14043045
13466696
13466644
14018479
14041069
14019047
13466155
13466262
13466335
14040804
13466283
13466100
13465411
13465370
13465500
14018266
14018252
13465472
13465479
13465446
14017845
14017844
13466235
14017843
14017842
14017841
13465717
13465751
13465755
30011985
13466813
14655229
14013627
13465157
14013648
30090625
13465167
13465288
14012863
13464316
14013267
14013768
13464011
13464396
13464479
30012000
13464573
13464621
13468296
13468207
13468345
30009335
13463929
30003505
13464368
30003616
30096651
14022918
13464454
13464662
13464907
13464988
13465017
30107049
14037085
13465474
13465510
14037301
14675963
14037302
13464899
14038009
14037168
14037579
13465234
13465194
14037529
13465136
13464685
13464645
13464656
13464629
13465097
14037524
13464575
13464544
13465024
14037315
14024430
13464983
14037259
13464974
13464866
14024401
13453193
13453021
13453566
13452845
13453025
13452790
13453069
13451389
13451427
13451671
13451260
13451001
13451287
13452262
13451120
13453803
30012403
13454029
13453681
13453339
13453154
13453023
13452850
13452703
13453325
13450740
13450686
13443040
13443002
30002354
13443353
30002363
30029991
30001416
30039285
30001440
30039276
30001366
13449140
13448787
30020543
13448439
13448305
13448102
30001363
13449590
20035250
13447271
13447337
20050653
13446658
13446984
13447419
30001419
30019761
13452800
13452690
13466841
13466750
13468041
13468014
13467965
13468141
13468164
13468135
30092383
13469001
13468995
13468937
30105897
20110447
30072719
13469477
13468690
13467838
20112604
13467579
13467434
13467503
30036078
30053231
13467170
13467024
13447710
13447610
20167503
20058480
20149158
13454821
30006794
13454987
13454929
13454832
13454744
13454691
13455516
13455781
13455971
13456250
13455529
13456555
30102656
30102653
30003878
30083291
13454371
13454560
13454428
13454669
20053151
13453201
13450896
30000720
30000717
30096168
30057971
30057974
13453161
13453259
13453780
30074389
13452943
13452573
13452213
13451958
13454374
20103147
13455436
20101798
13454879
13454738
13454770
13454615
13454455
13454554
13454960
13455140
13455319
13455435
20040635
13455915
13455908
13450219
13450319
13446538
14065129
30102885
30020794
30020839
13447281
13454644
13455343
30085235
13455449
13455616
13455685
13454966
13454369
13454798
13454699
13454681
13452871
20362228
13449898
13449410
13449274
13448981
13449145
13449099
13448616
13448636
30007981
13449028
13449006
13448953
13448925
13448876
13448844
20041176
13448861
13448779
13448654
13449042
13445432
20050114
13444630
13444673
13444298
13444178
20048747
13469733
13469742
20048413
13469751
13469767
13469770
13469717
13469774
13469787
13469614
13469646
14677579
13459618
13459489
13459739
13459548
13459527
13459487
13460166
13448740
13448857
13448969
13445959
20040542
30015654
30020084
13446882
13446410
13446864
13446942
13446806
13446136
13446724
13446687
13446775
13445916
13445982
13445902
13446654
13446625
13445799
13445869
13445769
13445797
30032970
13445721
13446021
13446154
13446622
13445569
30067838
13445562
13445687
13445813
13445574
13445948
30071448
13445380
14015091
13463972
13463833
13464082
13464143
13464192
13463785
13463761
20089950
13463847
13463703
20089943
13463280
30103103
30007275
30007285
13462522
13462387
13462065
13462031
13461365
13461472
13461911
13461926
30006754
13461785
13461318
13461298
13460799
13460830
14659876
20112930
13461075
13460970
13463679
13444118
13443611
13444264
13463764
13463871
13463641
30007291
13462866
13464088
13464273
13465508
13465522
13465467
13465549
13465594
13465435
13465420
13466102
13465988
13465630
13465680
13465550
13465394
13465374
13465748
13465858
13465456
13465432
14015032
14014895
13465813
13466476
13466600
13466309
13466691
13466171
30093855
13466712
13466805
13465238
13465281
13465205
13465037
14014881
13466627
13464919
13466589
13466562
13464774
14013963
30073463
13464742
13464727
13464696
13465250
13464688
14064405
13466176
30071557
13464977
14042204
13464861
14015016
13464455
13464450
14015196
30105826
13464447
13464445
13464434
13464441
13462312
30092280
13470441
13470457
20004206
13470424
13470467
13470407
13470402
13470512
30013673
13470520
20048293
13470546
13470581
13470584
13470578
13470599
13470614
13470618
13470629
13470645
13470656
13470664
13470669
13470674
13470663
13470681
20230539
13470724
13470726
13470761
13470763
13470332
13470384
13470256
13470172
13470175
13470154
13470151
13470121
13470163
13470182
13470214
13470106
13470241
13470262
13470213
13470265
13470302
13470289
13470309
13470323
13470569
13470605
13464140
13464415
13464505
30007945
13464863
30008872
30031044
30008882
13465477
13465650
13466189
30010725
13466209
13466174
13466070
13466044
13463020
13462514
13462612
13461514
13466658
13466453
13466103
13465916
30061396
13465176
30103902
30008352
13464781
13465585
13465753
13465734
13465710
13465631
13465913
13464705
13464603
13464867
13465087
13465243
13465622
13464457
13465577
13465572
13464249
13449596
13449288
14676922
13443710
30002253
13443519
13443145
30002272
13443113
30002263
13443806
13442352
30060357
13442241
30019939
13447082
30005469
13445759
13445806
13445728
13468606
14047347
13467359
13467477
13467057
13465990
13449278
13449392
13451159
13451426
13452637
13455311
13455219
30006791
13459260
13459064
13463964
13464263
13464288
30066338
13464086
30001211
13453239
13453353
20232383
13453797
14047379
13454935
20051088
13441828
20050472
13441793
30105071
13444718
13444599
13444546
13449911
13450365
13450095
13450007
30098395
13449313
20051548
20050380
13442041
13445034
14240332
13444983
13445334
13445364
30102732
30023163
20050751
30023206
13441662
13441751
20052301
13441995
13441965
13462430
30003628
30099036
30055209
13460476
30099062
30057571
30088445
14659606
13448957
13448830
30088392
13448728
30000711
13450946
30102442
13451617
30088421
13449457
30000714
20052992
13449225
30000615
13449188
13449680
13449747
13461616
30004769
13460881
13461821
13462423
13462488
30004558
13462592
13462699
14174230
30059611
30004906
13459138
13458913
13458810
13458728
13459228
13459514
13459709
30108593
13458754
13460291
13460016
30087078
30078034
13462305
30094088
30094091
13462159
13462255
13462885
13462530
13461783
13464467
13464465
20112622
13465287
13464832
13465349
13465494
20004279
13464695
13464463
13464458
13468166
13468139
13458834
13458907
13458751
13458467
30037538
13458374
30037544
13458298
13458262
13459320
13459303
13458725
13458790
13458939
13459219
13459452
13459413
13458775
13458100
13458198
13458255
13458417
20081516
13458303
13455046
13463311
30107098
13463693
30107095
13445145
30005856
13445267
30005862
13445188
13444478
13451999
13451534
30097065
13457443
13457336
13457674
20040696
13457912
20045700
13457880
13458400
13459715
13459594
20042210
14666240
13459297
13459794
13459758
14016042
13459976
13458192
13458041
13458009
13457906
13457908
13457635
13458181
13458217
13457659
13457303
13456944
13456858
13458253
13457639
13457514
13457029
30012727
30040257
13458228
13458578
13458904
30086603
13459743
13458521
13459159
30044623
13445214
13460909
13461205
13460773
14023230
13461224
14050912
13460619
13460478
13461176
13461084
13460687
13460384
13459956
13459947
13459987
13460244
13460844
13459885
13459903
13459853
13460126
14023314
13459792
13459805
13459764
13461306
13461595
13461535
13461676
13461716
13461838
13461059
13461023
30104315
30104318
20062173
13461250
30095621
13461506
13462283
13462668
20057486
13462477
13462338
14021803
13463110
13463149
13463082
13462953
13462988
13462921
14050332
20059684
13463041
13462888
13460892
13461380
13460850
13460811
13460770
13460720
13460669
30096513
13460572
13460937
13460790
14016161
13458685
14666171
13459334
13459349
13459309
13459375
13459400
13459284
13459977
13460060
13459860
13460121
13454505
13454746
13454390
13454502
30094594
30089550
13454813
13454464
13454231
13464464
13464474
13462240
13462504
13462203
13462650
13462887
13461866
13461800
13461939
13461780
20235849
30076963
13461577
13461636
13460718
13460430
13460163
13460186
13460132
13460068
13460117
13460959
13460818
13461105
13461258
13460336
13460437
20033800
14253117
13461414
13460855
13460920
14049639
20080105
13461679
13460729
13461572
13460439
13460109
13459978
13459914
13460114
20039584
13458838
13458554
13458518
13458604
13458860
13459002
13458511
13459150
13459314
13458420
13458466
13458376
13459435
13458339
13459550
13459907
13459881
13459974
14067927
13459802
13460181
13460219
30106843
13460232
13458311
13460255
13460256
13458248
13458213
13460251
13460249
13458146
13458138
13459280
13459357
13460246
13460245
13458117
13459462
13459787
13460312
13460171
13460731
13460351
13459786
13459676
13459658
13459699
13459798
13459945
20161259
13458906
13459632
30093307
13459909
13460306
13460772
13460670
13460238
13460098
13460856
13460815
13460627
13463408
13463446
14677682
14016646
13463206
13463036
13463004
13464551
13464471
13463818
13463922
13463772
13464942
13467318
13467355
13466196
13467210
13466947
30058813
20040977
13448247
20041069
13448228
13448442
13448418
30105999
30102623
30005822
30053414
13448574
30057314
13448802
30006682
13456554
13456745
13456818
13458989
20091989
13459078
13459093
13459208
13459148
13459265
13459369
13456686
13456711
13457083
13456842
30008151
13457218
13457708
13457726
13457687
13457743
13457788
13457559
13457640
13457599
13457557
13455528
13455675
30104880
13455392
13457996
14037081
13458280
13458307
13458471
20061797
13457970
13441594
30066318
14674467
30024008
13448117
13448091
13448037
13451853
13451895
30004743
13457044
13456936
13457018
13456970
13456704
13456552
13456404
13456273
13456127
13455999
13456751
13456849
13456707
13456589
13456564
13456310
13456191
13456419
13456533
13456320
13456531
13456655
13456398
13456375
13456726
13456778
13457100
13456962
13457233
13457385
13457529
13457796
13455942
13456119
13455805
13460429
13460442
13460474
13460276
13460250
13460177
13460078
13460129
14673386
13455149
13455212
13455420
13455563
13455755
13455827
30111182
30089148
13454683
13454571
13460812
13460889
13460543
13460933
13461062
13461200
13460369
13460832
13461133
13460704
30098585
13460589
13459524
13460303
13460342
14015977
13460269
13460405
14015988
13460465
13460522
13460628
14232506
20141037
13461124
13461403
14016244
13460766
14016058
13459651
13455520
13455265
13454149
13454276
13454307
30092431
30092434
20235609
13455929
30057013
30057016
13455526
13456160
13456213
13456016
13456221
30093359
13456136
13456180
13456055
13455811
13454957
30004029
30004026
13453421
30004013
30112870
30004006
30076629
30038264
13452890
13452755
30038261
13452799
30038427
13452704
13452683
13452719
13463434
13463715
13464419
13464384
13464763
13465609
13465529
13465859
13466027
13465820
13466366
13465660
13465305
13465414
13465168
13465792
13465956
13465562
13466259
30104412
14016699
30000270
13459910
13459937
13459806
13459542
13459695
13459419
13460360
14023401
13460228
13459544
13459532
13459318
13459294
13460073
14049113
13463493
13463471
13463557
14012937
13462913
13462847
13462919
13463635
14012954
14050254
13463653
13463008
13463017
14013126
13463595
13463583
13463543
13463513
14013025
14012993
13463057
14013208
13463905
14013209
13463466
20235973
13462884
13462770
14014580
13464120
13463639
13464275
13464213
13464193
13463544
13463603
13463652
13462824
13516269
13463058
14021701
14021716
13973030
13463707
20060257
13463828
13463876
13463812
13463688
13463317
14646469
13463191
13463428
13463421
30097139
30097145
13463306
13462320
13462284
30095735
13461801
13462080
13461721
13461696
13461618
13461602
13461504
30000570
30000561
30001508
20052070
20051780
13445113
13445166
13442026
13442061
20050868
13442248
13442336
20052474
13465042
13464911
13464808
13464636
14013999
14014161
13464745
13464684
14014026
14013998
13464736
30073466
14014153
13443534
13443436
13443543
13443923
13444079
13444056
13444370
13444507
13444549
13444452
13444576
13443385
13443451
13443022
20195197
30000870
13443003
14025349
13466954
13464437
13464444
14014795
14014796
13464252
13464348
13463773
13463429
13464063
13464339
14189398
14662482
30021691
13468553
30065734
30065731
30018109
13468712
13468894
14662277
13468612
30006409
13468837
30036164
30011656
13469189
30006335
30005868
30090714
13469247
30016241
30069999
30070005
30016280
20031732
30070014
30016301
30008184
13469778
30079850
13469870
13469825
13468762
30020763
13470062
13469997
13468661
14130692
13468327
30108896
13464215
13464257
13464061
13464642
13464880
13464483
13463932
14017036
14018696
13467682
14018676
13467784
13467908
13467882
13467849
13467776
13467746
14039795
13467469
13467531
14018173
13466901
13466910
13466913
30078367
13466922
13466897
14039053
13466785
13466357
13466347
30092192
30092195
30103887
13457576
13457350
13457731
13458063
13457281
20052274
20051517
13466465
13466553
13466381
14019746
13466254
14019747
13466598
14039137
13466928
13466592
30096093
13465973
13465999
13465984
13466081
14019832
14018859
13466798
13466664
13466786
14018860
13466883
14019840
30037041
13466727
13466675
20035613
13465935
14019310
13466645
13466624
13466606
14039741
13465842
13465800
13467701
13467751
13467132
13467661
13466914
14254936
13466840
13467071
13462416
13462555
14003492
13462828
13462495
13463157
14013547
14013504
14013483
13462954
13463267
13463282
20045925
13467131
13467183
13467093
13466450
13466492
13466426
14019332
13465780
14014613
14014612
13462991
13463127
14048245
14012436
13463568
13463718
14012375
13463423
13463241
14012412
14012523
13463197
20062650
13464001
30039605
13464522
13464411
30039477
30039480
13464776
30039620
30039486
14648962
14011651
13464509
13463897
13463865
13464584
13464281
13464731
13464859
13464182
13464050
13463301
14012310
14012240
13463835
13462183
13462311
14003784
30101737
30101740
13461862
13462439
13461832
13461697
13461811
13461649
14003878
13461499
13461518
13461448
14004057
20045620
20053051
20053111
20054776
14070146
13448023
13447577
13465816
14021012
13465773
30096197
13466082
14036661
13465682
14673619
13462242
13462132
13462073
13462262
13462431
13462119
13462565
13462737
13462761
14003629
13462835
13462858
13462827
13462811
13462797
13462789
13461908
14003541
13461772
13461960
13462794
13461744
13461726
14047978
13461630
13462733
13462760
13462729
13462413
13461566
30096711
13461323
14068814
20039266
20050728
13450213
30107423
13450012
13450432
30004431
13450411
13450910
13451091
30100671
13451543
13451275
13450268
13467870
20236614
13466513
13466153
13465936
13465912
13466657
30031176
30031284
30031187
13467609
13467728
13467540
30009169
13464923
13465028
13464904
13463615
13463394
13463348
20089355
13463038
13462634
30004876
13462389
30004873
13455635
30001702
13456092
13456383
30001690
13455734
30002148
13446406
13446227
13445383
13445345
13445405
13445303
13445386
13445434
30077073
13444980
13444800
13446590
13446613
14234617
13445371
30089909
30089915
13445295
13445317
13445392
13445511
30089897
30089903
30021444
13444639
13444949
20050256
13444221
30000631
30000612
13446570
13446522
13446423
13446621
13446675
13446727
14203927
13446784
30058959
30058962
13445834
13449162
13449375
13448428
13449535
13446051
13445976
13446120
13443961
13444002
13443826
30002260
13444024
20092000
30015980
13444479
13445256
13446542
13446549
13448813
13449064
13448741
30004676
30062246
13448553
13448603
13448555
13448812
13448898
30038847
13448996
13449319
13496022
13450356
30099515
13450857
30002250
13444197
13443620
13444493
13444864
13445088
13444964
13451029
13450569
13450167
13451057
13449824
13449852
13449580
13449240
13450062
13449086
13450394
13450413
13448579
13448022
13448115
13447888
13447772
13447625
13447507
13447372
13446868
13446992
13446728
13447109
13463111
13462117
13461983
14025109
13461769
13446836
13457695
30001672
13457892
30001774
13457847
13457683
13457716
13457581
13457479
13457448
13457363
13457437
13457300
13457154
13456904
13457190
13456881
13456724
13456446
13456487
13456583
13456372
14018345
30078746
13465254
13464945
13464987
13464992
14018296
14018375
13465702
14018410
13465679
13466197
13466154
13465174
13465130
14018259
13465209
14018366
13466308
30057190
30057158
30057152
13465219
13465272
14012864
13464631
14671608
13464506
13464148
13464092
14013619
13464364
13465325
13464226
30101051
13465296
14011417
13456644
13455729
30009704
13456996
13455637
13457015
14253386
30108483
13455822
13455841
13455592
13455487
13455959
13456097
13455372
13455294
13456185
13456210
13456334
20164731
13459771
13459590
13459724
13459479
13459322
13459071
13459031
13459113
13458993
13459126
13459268
13459203
13459411
20041823
13458826
13458522
13458583
13458508
13458643
20042133
13458792
13458715
13458569
13458698
30005219
30044055
13464989
30063657
30111537
13464617
20043005
30026352
13465453
30104703
30063255
13464973
13465091
30089357
30104700
13465481
13465122
13465490
13465146
13465507
13465515
13451938
13452508
13450944
13451820
13466909
30003461
13466461
13466597
13466303
13466802
14020220
14676278
14676251
13466610
13465376
14012789
20051521
20050277
13448327
13459289
13459308
13459331
13459366
20050393
20051143
20051230
30020254
13453114
30014060
13458331
20117648
13457053
13458050
13457168
13457199
13458019
13457980
13457463
13457584
13457703
20054941
13442682
13460334
30055588
30065237
13459847
13459484
30056201
13448452
13450648
13450521
13458627
13458653
13458607
13458562
13458504
13462903
13462774
13463272
13463279
13463321
13463337
13463372
14025068
14024216
14024499
14024215
30093130
13454074
13454106
13454368
13454452
13454123
13454066
30110925
13454174
13455230
13454592
13454295
13454412
13454516
13454637
13454629
13454757
13454790
13454924
13455064
13454952
13455080
13455134
13455476
13455709
13455603
13455736
13456004
13455871
13456149
13456233
13456246
13456183
13456288
13975568
30001687
13467410
13467451
13467381
13467013
13466966
13466540
30061681
30061678
30061684
30061747
13467112
13466484
14042456
13466462
14018243
14023238
13466429
13459124
30015104
13459558
13459584
13459628
13459424
13459359
13465677
13465707
14019976
13464980
14020009
14019967
13465065
14605966
14019959
13456654
13465186
14113402
13465085
13466693
30044340
13442207
30019936
30108577
30000485
13444192
13457068
13449710
13449833
13449678
13456157
30093141
30093144
13454893
13455130
13463743
13463921
13463624
13463957
14024434
14024861
14024860
14024052
13464051
13464059
14024388
13463528
30107059
30107056
13464027
13464230
13463879
20041403
14024507
13465348
14674555
14173484
13465523
13465598
13445805
13445847
13445763
13458381
13463619
13463558
14004172
14011372
14011573
14011572
13464872
14011493
14011513
14011494
13463794
14234568
13463759
13463845
13463710
13465105
13465074
14018280
14004164
14021576
14021518
13464856
13464287
13464567
13464708
13464734
14021593
13464783
13464119
14239871
13464046
14023014
13464290
14021447
14021446
13463554
13463756
13463024
13462964
13463075
13462741
13462597
20050408
20050478
13465371
13975183
13465251
13465232
13465304
13465206
14020745
14020874
13465670
30097816
30097819
30097825
30097822
13466654
30097828
30097843
30097840
13466321
13443808
13451811
13463775
14022894
13464335
13464374
13464322
14022922
13463420
13464236
13463760
13463752
13463742
13464179
13464648
13464539
13464388
14171609
13464430
14024299
13464665
30092833
30092836
13445038
13444488
13444274
13444605
13444653
13444706
13444948
13444997
13459439
13459127
13459593
13459063
13459811
13458773
13459667
13458456
30062718
13458438
30062703
13458465
13458632
13458729
13458609
30106513
13459944
13459779
20101794
13460525
30094178
13460553
13460106
14242420
13458733
13458526
13458980
13458988
13459025
13459077
13459131
13459166
13459128
13459179
13448474
13448540
13455876
13456306
13456342
13456835
13456855
13456809
13456989
13457110
14021279
13465613
13465570
13465947
13465799
13465625
13467589
13467504
13467496
13467683
13467621
13467180
13467099
14018831
13467017
20062456
13467623
13458439
13459094
13459143
13459087
13459201
13459239
13459189
13459051
13459258
13459290
13459300
13459353
13459398
30105721
13458699
13458692
13458739
13459470
13458782
13458809
13459516
13458822
13458856
13459552
13458870
14253106
14629359
13463034
13463669
13463877
14022873
13463873
14022794
13466158
14020155
13466752
13466848
13467023
13467053
13466457
13466393
13467058
14025524
13467890
13467483
14025199
13467290
13467605
14025436
13467943
14024875
13467310
13467515
13468045
13467992
13468021
30095344
30095350
30104690
13462935
13462914
13462684
13462840
13462771
30043654
20235330
13462600
30067314
30002728
30004073
13464875
30002750
13465685
13465640
13465840
13465986
13465396
13465998
14020154
14020909
13459607
13459775
13459498
13460357
13459430
13459341
13459200
13459384
13459257
13459133
13459016
13458670
13458705
13458621
13458509
13458512
13458393
14646501
13460200
20043119
13459920
13459830
13461965
13462047
13462140
30095686
13461225
30006051
14003842
14003977
14044572
13463330
14073626
30096679
14004018
14004019
13462920
13462886
13466030
13466007
13465873
13465340
14023206
13465312
13464827
13465107
13465245
13465321
14022733
13465533
14022734
14039442
13465403
14039273
14039314
14018444
13464869
13465315
14020562
14040371
14040460
30097927
13465972
14018412
14018411
14018400
13466390
13462657
13462645
13462912
13462958
13462848
13443615
13442863
13443062
13465198
14020077
13464605
13464635
13464760
30089363
13452343
14014572
13462638
13462679
30089798
13445692
13445947
13445529
13445640
20052543
13442309
13454767
13454971
13454630
13454270
13453769
30099334
13453852
30099331
13450460
13450107
13450033
13450756
13449827
13449903
13449779
13449701
20050315
30060479
13452901
13453057
13452794
13453079
13452878
13453382
13452757
13442915
30013271
13449595
13449481
13449692
30054795
13449390
13449721
30010626
30061516
13450895
13450793
13451293
13451162
13466932
13454124
13453985
13454396
13455045
13455540
13455691
20166260
30104921
13455403
13455358
13455306
13455269
13455638
13455753
13455227
13442496
13442545
13442578
20146763
30029327
20237164
13456960
20353598
13457981
13457512
13458057
13458177
13458752
30073163
13443802
30073157
14659268
30069325
13456199
13443600
30063120
30063042
30063039
13503897
30063045
13503898
30063036
13443947
13443825
20051173
20050838
13447585
13449101
13449308
13448983
13448191
13443978
13446322
13446293
20091650
14639892
13445430
13449608
13442368
13442403
13442611
13468897
13468779
13468708
13468639
13468422
13468411
13464906
14021562
13464883
13463077
13463299
14022905
13463160
13463302
13444055
13449757
13449363
13450087
13449821
13449243
13452515
13453253
13453503
13452383
13452685
13452435
13453554
13453636
13449985
13450000
13449905
14605476
13450035
13450084
14604688
13454823
13454523
13455035
13454410
13454159
13459492
13459451
13459657
13459768
13459803
13459965
20044959
13460103
13460701
20042847
13460233
13460374
20042936
14048969
13460748
30111709
13460976
13460922
13460874
13446173
13446277
30113634
13444905
13444589
13444494
20051204
13444162
13444098
13443996
13443812
13443738
13453619
13453465
30001193
13453371
13453287
13453094
30066808
13442623
30065289
13453992
13456653
20040767
13452596
13452385
13453043
13453317
13456271
13456388
13456416
13456727
13456863
30020531
13447695
13447618
13452431
13451660
13451443
13451283
13451259
13454051
13453908
13452045
30004312
13452953
13452795
13453006
13452085
14129762
14122086
14066818
13447042
13446725
14630006
13447144
13447107
30015238
13446268
13446374
20050466
13446544
13446513
30095907
13447143
13447282
13447004
13446699
13446860
13447478
13446442
13446403
14234750
13446316
14172973
13446274
13446280
13446253
13447873
13447475
30109000
13447572
14014450
13462584
13461390
13461519
13461211
13461257
13460866
13460709
13460473
30087169
13460004
13442948
13443039
13443182
13443312
30006230
30006233
13443367
13442696
30040106
30053058
30053138
13460906
13461435
13461507
30053061
13460789
13460726
13461150
13460887
13461171
13461654
13461958
30095814
13461704
13462372
13462404
13443803
13444027
13444198
13444306
13444082
13443983
13444658
13444823
13448225
13448061
13449941
13450683
13450705
13450480
13451072
30012370
13452070
13451892
13451445
13452417
13452443
30023225
14245813
30012397
30012400
13452649
13452098
13450964
30108921
13450073
13450051
13450347
20235558
13450949
30108301
13451329
30101973
30101970
30102008
13450374
13450507
13450138
13447195
13447037
13445540
13445603
13445714
13444978
13444910
13444887
13446284
13446421
30020513
13445962
13445854
30038062
30098909
13446726
30020525
13447170
13448113
14664409
13447568
13447815
13448471
13448552
13447928
14664553
13448703
13464780
13464772
13465006
13464925
13447895
13447571
13447514
13447634
13447849
13447219
13447158
13447832
13450162
30036213
13449977
13449936
30090073
13463068
13463056
13463141
13463205
14024938
13464473
14022885
14025032
13464518
14023148
13464045
13464398
13464582
13464327
13464686
14023126
13464250
30104213
30104222
13464291
13464753
30003499
13465313
13465357
13465291
13465266
14022377
14022376
13465115
13465109
13465092
13465138
13464967
13463958
30094110
30094107
13464030
13464010
13463924
14673529
13462419
14014710
13462407
13462831
14014657
13462402
13462625
13462635
13464794
13464806
13464664
13464525
14020373
13464889
13464612
14670960
14673581
20034483
13464375
13464163
13464202
13464079
13464028
13463839
13463906
13463931
13463489
13463460
13463620
13463599
13465431
13465699
13465452
13465324
13465079
14020925
13465623
13465652
20118091
13465890
13465932
14021177
13464574
20004376
13464878
13464849
13464714
14024207
20235091
14020888
14673635
20235156
14020499
13464981
13465526
13465390
13465003
13464995
13460884
13460899
13460825
13461551
13461410
14015958
13460776
13461459
13461417
13461035
14015933
14068234
13461215
13460742
13462028
13461987
13461714
13461898
13462384
13462436
14014469
13462238
13462851
13462802
13462879
13463012
14014179
13463143
13463511
13463318
13463087
14021165
13463257
13463281
13463145
30107307
13463258
13464956
30057695
30055877
30055874
30055871
20062301
20050612
13449594
13449051
13460795
13460483
13460401
13459902
13460094
13459948
14023634
13459822
13459638
13459465
13459044
13458866
13458674
13459212
13459185
13458582
30062739
13458453
13458873
13458896
13458750
13458469
13458226
13458126
13458416
13458245
13458043
13457501
14015919
13460780
13460678
13459037
13461032
13458619
13459007
13458889
13458664
13457890
13458187
13458356
13448750
13448759
13448700
13448148
13448642
13448578
13448201
13448712
13448938
13442591
13442637
13442557
30036230
13457678
13457833
13457915
13458172
13457177
13458396
13456728
13456636
13457274
13456741
13456781
13456874
13456739
13456473
13456488
13456448
13456391
13456567
13456580
13457807
13457650
30016406
13444211
13444322
13444185
13443733
13443729
13443746
13443713
13443768
20050593
13444926
13444959
13445567
20233961
13450781
13450565
13449122
13451013
13451268
13451444
30004518
30004494
30004521
13452118
13451708
13451777
13452453
13452657
20236476
13451876
30004506
13452192
13452289
20040508
13452491
30095142
20236471
13452620
13452535
13453056
13453113
13458292
13458169
13457369
13457483
13457089
13456928
13456859
30016128
13456331
20042166
13456193
13449062
13443902
13443828
13443929
30035937
13442807
13442834
13443076
13443216
30010923
30090014
13444122
13444737
13444795
13444537
13445035
13976624
30108540
13446216
14194368
13446334
30065487
13453252
20232387
13448506
30111924
13468309
13468335
30100475
13468250
30100478
13468313
30111927
13503835
13503834
13503843
13444544
13458879
13458868
13458887
13458842
20045797
13458857
13458808
13457783
13457742
13458650
13457911
13457936
13451670
30056882
13451957
13452450
13452247
13456067
30003765
13456513
13446469
13446472
13445752
13450105
13449704
13450255
13449625
13450039
13450238
13457431
13457496
13456992
13456850
13457506
13447197
13447250
13447497
13447620
13447894
13448041
20234049
13447595
13458140
13458045
13459230
13459377
13458681
30015420
13459372
13459474
14662382
13459195
13459501
13458468
13458880
13447934
13447728
13451669
13461060
13460428
13460084
13460740
20047161
13460148
13459942
30106423
30106426
30004870
13461516
30004879
30006875
13462500
13457552
30085778
13457949
30098160
13457491
30073424
13457646
13457738
14627962
30033959
30037800
13457971
13457379
13458779
13458841
13458872
13458908
13458953
13458379
13469911
13470026
13469989
13470057
13459838
13459939
13460019
13460104
13460191
13460277
13460307
13443536
13443345
13443587
13448058
20105765
13448960
13458599
13460226
13460298
13460157
20052665
13460370
13459386
30008688
30067029
13447296
30007543
13460493
13460323
13460386
13460636
13460565
13460724
13460945
20112944
13460508
13450973
13450870
13443271
13443256
13461457
13461483
13460229
13460265
13447020
13468186
20060225
14036228
13469830
13469864
13469818
13469795
13469758
13447690
13447866
13447437
30100481
13468035
13468005
13468017
13467554
13468052
13468231
13467982
13466985
13466956
13467015
13467092
13467027
13467142
13467673
30093753
13467144
13470494
13470491
13451174
13451157
14068269
13442028
30019798
13458977
13447428
13460505
13460462
13460536
13469909
13469875
13469816
13469828
13469805
14228725
13469794
13469847
13469883
14120433
20233644
14072004
13461089
14072003
14072356
13445619
13450684
20233584
13468537
30032575
20054577
13467984
13468307
30064798
30064822
13468027
30064795
13467989
30064792
13468136
13468079
13456154
20051472
20052519
30106815
14621072
14673744
14037156
20167491
13446777
13454014
30023252
13452002
13451915
13451894
13451813
13451690
13451666
13451743
30013781
13468100
13459603
13458973
13458849
13459967
13459024
13458982
13459503
30008693
13459330
13458613
13458462
13458327
13458373
13458297
13458816
13458283
13458230
13458691
13458328
30092051
13449853
13450421
30058628
30058625
30006897
13466257
14036469
13467884
14230114
13451954
13443053
20051330
20063007
13447342
13447408
30053540
13447286
30053456
13447189
30103668
20050432
20051320
20247658
13463627
30090420
14628553
30002725
30034353
30034344
30034350
20089401
30034162
30034359
30034356
30034338
30034341
30080383
13461021
13458204
13465870
13464042
13464320
14673543
13462916
13462947
13462990
13463059
14003892
13463240
14003901
30069190
13463377
13463735
13463712
13463844
13464038
20048857
13463315
13463325
13463208
20058692
30064522
14184384
30059935
30062619
30062616
30062613
30013309
13442878
30013345
30095294
13467820
13468110
13468216
13468415
13468314
13468593
13468626
30099741
13470096
13470386
30085791
30023136
13442201
13443440
13444339
13444715
13447705
13448069
13449684
13449750
13450554
13450615
13450445
13467651
13452468
13452314
13452625
13452531
13452140
14043063
14011302
14012687
14012706
13455953
13464542
14014093
14014092
13457454
13457349
30103671
30104381
13463660
13463450
13458450
14664637
14048692
14671981
14015934
13459134
13459874
13459825
20170098
13460653
13460769
13461511
13461606
13461794
13461889
13462111
13462201
13462179
13462927
14020231
13463389
13463203
13463445
13463334
13463291
13463491
13463182
13463574
13463438
13463588
13463622
13463551
13463663
13463723
13463608
13463730
13463823
14022893
13464219
30104216
13464344
13464300
13464330
14021287
13464428
13464433
13464480
13464519
30105834
14014173
13464614
30080624
13464638
13464671
13464770
13464755
13465056
13465077
13465178
13465188
13465225
13465241
13465293
20051707
30019909
20051776
13465429
13465604
13465540
13465590
13465636
13465654
13465632
13465673
13465708
13465642
20006290
13465752
13465741
13466073
14036626
13466135
13466402
13466348
13466567
13466685
13467168
13467174
13467230
13467350
30015689
13467612
13467433
14047338
14025083
30067835
20054558
20054559
14025246
13466595
20054573
13468578
14025269
13466888
13466636
14673831
14025285
14025301
14025371
14025411
14025412
14674279
13448245
13448326
14025472
20034984
14025570
13467465
13467592
13467122
14035955
14025537
14025545
13467452
30096487
13467390
14025585
14671470
30017072
13444898
13444915
30017580
13455361
13455287
13465689
13465360
13465825
30113583
30101333
13503859
13444473
13445576
30019300
13442610
30019605
13442586
20080182
13442618
13452777
13452629
13975239
13441896
13441810
13442014
13442555
20015395
13448916
30020937
13448222
13451142
13463933
30021549
13464655
14037011
13464647
13464456
13441760
13441659
14035999
14036000
13467197
13467152
14036066
13467250
14036081
13467453
13467546
14047629
14036377
13466343
13466415
13466232
13466175
14036414
13466824
14036477
14036478
14036539
13465711
13465645
13465760
14036572
13465975
13466042
13465897
20006075
20006080
13466086
14036812
14036866
13466039
30058422
13465048
14037018
13465496
20034902
14037267
13464921
30002806
14038197
30029304
13463596
13462101
13462652
13467128
13467278
30030172
30030408
13464181
13464117
20045369
13466856
13446363
13445766
14173587
13465817
13465878
20110945
14174328
13451931
14174334
13464298
14023922
30034665
30034668
30098591
14239745
13442671
13442935
13459992
14046389
13462603
13462553
14046457
30037447
13468065
13446019
13445946
30038059
13445466
14047507
13466245
13467373
30038667
13441641
14048060
13452822
14134864
13451446
13452927
13452645
13452880
14012497
14011907
13497114
30002405
20043184
30042422
13467741
14646508
30059932
13442669
13449146
13449499
13447920
30013101
14063448
20015400
14064699
13464580
13451199
14677599
13451252
13462661
13465100
13465021
13464870
13448020
13448124
30081782
30081738
20229251
13451696
13451353
20229260
20229269
13457008
13457417
13456777
13456298
13442126
30061633
14023828
13464075
13464125
13464067
14236856
13458667
13453889
13468252
13465104
13441683
13468097
13468187
14204003
30012611
13446747
13446900
13469939
20141933
20102847
13467284
13467311
13467265
13467199
30072982
13463104
20234083
20235446
14073966
13468108
13467729
14676832
13446915
13468256
13452706
13450291
13450208
30069744
30005850
30005847
13469557
13462893
13468675
13450097
20110576
13969710
13443439
30073543
20112787
30076263
13462531
13461753
13461369
13462438
14014263
20117787
13444272
14024690
13467041
20119981
13458074
13447645
30005900
30083020
14258091
13447636
13447551
13447698
13447556
13455461
30003732
13458803
13441580
13441581
13441584
13441587
20050719
13441867
30087995
20052188
20050550
13447092
13447184
13442260
13442850
13442693
13443565
13442402
13442710
13443127
13443015
13442828
30000491
20052136
13442757
13442838
13442971
13443199
13443144
13443310
13443349
13443152
13443417
13443576
13443849
13443472
13443657
13443561
13443528
13443563
30095385
13443773
13443782
20043745
30089900
13445579
13445622
13444159
13444121
13444061
13444371
13445054
30100086
13444405
20161372
30002247
30100063
13444447
13444958
20155604
13445264
13445143
13445233
30090863
30007603
13444896
13444841
30104484
14128643
13445534
13445155
13445170
30108537
13445403
13445320
13445522
13445780
13445912
13445986
13445363
13445389
30102729
13445678
13446179
13467553
13445491
13445950
13445657
13445680
13445626
13445662
13445891
13445686
30103864
13445969
13445863
13445913
13446112
13445960
13445898
13445977
13445945
13446259
13446186
13446271
13446020
13446080
13445635
13446389
13446990
13446998
13446476
14121348
14249902
13446755
13446479
13446898
13447073
30096398
13447113
13447074
13447055
13447015
13447122
13447253
13447031
13447026
30096273
13447785
13447688
13447784
13447573
13447797
13447713
30099849
13447814
13447768
30106263
13447781
30106257
13448268
13447902
13448082
13448198
13463076
13448440
13448395
13448651
13448760
13448244
13448618
13448921
13448315
13448481
13448355
13449196
13448775
13449084
13448686
13449428
13448517
13448970
13449203
13449009
13449766
13449491
13449248
13449471
30095145
13449507
13449786
13450017
30110447
30095617
13462225
13449965
13973970
13449817
13450698
13449860
13450328
30107576
20041481
13450236
13450164
13450745
13450391
30107420
13450280
13450310
13450406
13450430
13467436
13450833
30107594
13451244
13450786
13451905
13451469
13451970
13451869
13452149
13452138
14238996
30097790
13458539
13458565
13458722
13452696
13457802
13452567
13452458
13452751
13452630
13465929
13465894
13452496
13452821
14673510
13457377
13453989
13454586
30099732
13454394
13454491
13454065
13454258
13454642
13455060
14676847
13454504
13454883
13454651
13454475
13454776
30100797
13455374
13455785
13455662
13455668
13455778
13455513
13455664
13455369
13456353
13455711
13455703
13455748
13456251
13456168
13456027
13455992
13456702
13456196
13456084
13456290
13456202
13456267
13456438
30102547
13466628
13457183
13457412
13456799
13456810
13457265
13457588
13457551
14243510
13466123
13466067
13466159
13457424
13457251
13469709
13457720
13457409
13458695
13457821
14646603
13457922
13458127
13457902
13457586
13458741
13460585
13457791
13459188
13459432
13458634
13458421
13460573
13462616
13458940
13458899
13458916
13459001
13458985
13459262
13459712
13459410
13459425
13459609
13459670
13459737
13459662
13459799
13459897
13460293
13461114
13461219
13461252
13461296
14021126
13461313
13461393
13461444
13461625
13461647
13462013
13462087
13462139
13462335
13462235
14014468
14014564
13462490
13462499
14021685
13462444
13462743
13462581
13462611
14014347
13462621
13462676
14014252
13462709
13463047
14659104
13463181
13463174
14012928
13463136
30109166
13465081
13463329
14013024
13463968
13463895
13463983
13464006
13464035
14023782
13464408
13464459
13464494
13464468
13464707
13464732
14023523
13465019
30002743
13465202
13465252
13465023
13465275
13465395
30002746
13465408
13465164
13465720
13465444
14024570
13465597
14021033
30002757
13465543
13465605
13465558
13465621
13465811
13465719
13466000
13465764
13466016
13465839
13465843
13465922
13466057
14671887
13465942
13465923
13466141
13466510
13466243
13466378
13466193
13466379
13466172
13466323
14673663
13466300
13466561
13466404
13466634
13466266
13466439
13466344
13466367
13466551
13466537
13466566
13466441
14017913
13466708
13466976
13466717
13466736
14673785
13466845
13467006
13467004
13467039
13466987
13466998
13467037
20029652
13467146
13467253
13467149
13467221
13467610
14673705
13467242
20052709
13467365
13467351
13467398
13467447
13467771
13467613
13467520
13467532
13467854
13467597
13467846
13467825
13467839
14134984
13468059
13468184
13468306
13468369
13468218
13468519
13468300
13468532
13468632
13468822
30006406
14662467
30006422
13468821
13469013
20043943
13468987
13469120
13469031
13469065
13469087
13469326
13469273
13469255
13469351
13469372
13469731
13469679
13469510
13469877
13469690
13469764
13469917
13469823
13469872
13469789
13469915
13470076
13470045
13469987
13469842
13469860
13469891
13469888
13469943
13469959
13470202
13470032
13470067
13470130
13470134
13470299
13470177
13470191
13470240
13470483
13470552
13470558
